Height Jump
122   46
 80   36
162   35
141   65
 81  186
140  173
171  107
 83  167
 42  145
133  193
 34  115
156   59
 87  185
 53  150
100   75
128  161
 66   40
 30  177
 43  170
 68  179
105   71
 64  184
197  146
176  165
 67   73
 86   37
103  106
 90  143
136   44
116  152
118   77
180   94
154  119
121  132
187  175
149  166
200   76
192  163
113  126
 47  198
178   84
 70  104
 63   41
138   51
 99  188
164   45
129   92
108  181
 79   88
109   82
125  130
 39   91
 98   74
117   31
147   33
111   60
 48  153
190  139
134  102
 95   97
142   96
 49  189
196   85
110  135
 89   56
168  112
 57  157
158   54
131  195
194  127
 78  101
155  148
123  183
 50   72
172  144
174   61
169  159
137  120
 38   32
 58   62
 69  182
191   52
114  124
 93  160
151  199
